,currentTime,filename,pBlockIODelays,pChildrenKernelMode,pChildrenUserMode,pCmdLine,pCpuTimeKernelMode,pCpuTimeUserMode,pId,pMajorPGFault,pName,pNonvoluntaryContextSwitches,pNumThreads,pPGFault,pResidentSetSize,pVirtualMemoryBytes,pVoluntaryContextSwitches
6,1603156240,2020_10_20__00_33_22_delta.json,0,0,0,Invalid Json,0,0,22679,0,grep,4000,1,129,262,11735040,29838
15,1603156245,2020_10_20__00_33_23_delta.json,0,0,0,Invalid Json,0,0,22679,0,grep,4007,1,129,262,11735040,29893
11,1603156250,2020_10_20__00_33_24_delta.json,0,0,0,Invalid Json,0,0,22679,0,grep,4012,1,129,262,11735040,29937
18,1603156255,2020_10_20__00_33_25_delta.json,0,0,0,Invalid Json,0,0,22679,0,grep,4019,1,129,262,11735040,29990
4,1603156260,2020_10_20__00_33_26_delta.json,0,0,0,Invalid Json,0,0,22679,0,grep,4026,1,129,262,11735040,30045
8,1603156265,2020_10_20__00_33_27_delta.json,0,0,0,Invalid Json,0,0,22679,0,grep,4034,1,129,262,11735040,30100
2,1603156270,2020_10_20__00_33_28_delta.json,0,0,0,Invalid Json,0,0,22679,0,grep,4040,1,129,262,11735040,30155
40,1603156275,2020_10_20__00_33_29_delta.json,0,0,0,Invalid Json,0,0,22679,0,grep,4047,1,129,262,11735040,30210
29,1603156280,2020_10_20__00_33_30_delta.json,0,0,0,Invalid Json,0,0,22679,0,grep,4053,1,129,262,11735040,30254
32,1603156285,2020_10_20__00_33_31_delta.json,0,0,0,Invalid Json,0,0,22679,0,grep,4062,1,138,262,11735040,30309
46,1603156290,2020_10_20__00_33_32_delta.json,0,0,0,Invalid Json,0,0,22679,0,grep,4068,1,138,262,11735040,30364
45,1603156295,2020_10_20__00_33_33_delta.json,0,0,0,Invalid Json,0,0,22679,0,grep,4075,1,138,262,11735040,30419
37,1603156300,2020_10_20__00_33_34_delta.json,0,0,0,Invalid Json,0,0,22679,0,grep,4081,1,138,262,11735040,30463
24,1603156305,2020_10_20__00_33_35_delta.json,0,0,0,Invalid Json,0,0,22679,0,grep,4088,1,138,262,11735040,30518
17,1603156310,2020_10_20__00_33_36_delta.json,0,0,0,Invalid Json,0,0,22679,0,grep,4095,1,138,262,11735040,30573
1,1603156315,2020_10_20__00_33_37_delta.json,0,0,0,Invalid Json,0,0,22679,0,grep,4102,1,138,262,11735040,30628
43,1603156320,2020_10_20__00_33_38_delta.json,0,0,0,Invalid Json,0,0,22679,0,grep,4109,1,138,262,11735040,30683
44,1603156325,2020_10_20__00_33_39_delta.json,0,0,0,Invalid Json,0,0,22679,0,grep,4116,1,138,262,11735040,30738
42,1603156330,2020_10_20__00_33_40_delta.json,0,0,0,Invalid Json,13,6,22679,0,grep,4122,1,138,262,11735040,30793
27,1603156335,2020_10_20__00_33_41_delta.json,0,0,0,Invalid Json,13,6,22679,0,grep,4130,1,138,262,11735040,30848
13,1603156340,2020_10_20__00_33_42_delta.json,0,0,0,Invalid Json,13,6,22679,0,grep,4135,1,138,262,11735040,30892
7,1603156345,2020_10_20__00_33_43_delta.json,0,0,0,Invalid Json,13,6,22679,0,grep,4142,1,138,262,11735040,30947
22,1603156350,2020_10_20__00_33_45_delta.json,0,0,0,Invalid Json,13,6,22679,0,grep,4152,1,138,262,11735040,31001
41,1603156355,2020_10_20__00_33_46_delta.json,0,0,0,Invalid Json,13,6,22679,0,grep,4156,1,138,262,11735040,31045
14,1603156360,2020_10_20__00_33_47_delta.json,0,0,0,Invalid Json,13,6,22679,0,grep,4163,1,138,262,11735040,31100
0,1603156365,2020_10_20__00_33_48_delta.json,0,0,0,Invalid Json,13,6,22679,0,grep,4171,1,138,262,11735040,31155
19,1603156370,2020_10_20__00_33_49_delta.json,0,0,0,Invalid Json,13,6,22679,0,grep,4182,1,138,262,11735040,31210
9,1603156375,2020_10_20__00_33_50_delta.json,0,0,0,Invalid Json,13,6,22679,0,grep,4187,1,138,262,11735040,31265
33,1603156380,2020_10_20__00_33_51_delta.json,0,0,0,Invalid Json,13,6,22679,0,grep,4194,1,138,262,11735040,31320
39,1603156386,2020_10_20__00_33_52_delta.json,0,0,0,Invalid Json,27,11,22679,0,grep,4201,1,138,262,11735040,31375
10,1603156391,2020_10_20__00_33_53_delta.json,0,0,0,Invalid Json,27,11,22679,0,grep,4207,1,138,262,11735040,31430
34,1603156396,2020_10_20__00_33_54_delta.json,0,0,0,Invalid Json,27,11,22679,0,grep,4213,1,138,262,11735040,31485
26,1603156401,2020_10_20__00_33_55_delta.json,0,0,0,Invalid Json,27,11,22679,0,grep,4222,1,138,262,11735040,31540
25,1603156406,2020_10_20__00_33_56_delta.json,0,0,0,Invalid Json,27,11,22679,0,grep,4228,1,138,262,11735040,31595
21,1603156411,2020_10_20__00_33_57_delta.json,0,0,0,Invalid Json,27,11,22679,0,grep,4234,1,138,262,11735040,31650
35,1603156416,2020_10_20__00_33_58_delta.json,0,0,0,Invalid Json,27,11,22679,0,grep,4239,1,138,262,11735040,31705
23,1603156422,2020_10_20__00_33_59_delta.json,0,0,0,Invalid Json,27,11,22679,0,grep,4246,1,138,262,11735040,31760
16,1603156427,2020_10_20__00_34_00_delta.json,0,0,0,Invalid Json,27,11,22679,0,grep,4251,1,138,262,11735040,31815
28,1603156432,2020_10_20__00_34_01_delta.json,0,0,0,Invalid Json,27,11,22679,0,grep,4259,1,138,262,11735040,31870
5,1603156437,2020_10_20__00_34_02_delta.json,0,0,0,Invalid Json,44,16,22679,0,grep,4268,1,138,262,11735040,31925
3,1603156442,2020_10_20__00_34_03_delta.json,0,0,0,Invalid Json,44,16,22679,0,grep,4273,1,138,262,11735040,31979
36,1603156447,2020_10_20__00_34_04_delta.json,0,0,0,Invalid Json,44,16,22679,0,grep,4280,1,138,262,11735040,32034
38,1603156453,2020_10_20__00_34_05_delta.json,0,0,0,Invalid Json,44,16,22679,0,grep,4291,1,138,262,11735040,32089
12,1603156458,2020_10_20__00_34_06_delta.json,0,0,0,Invalid Json,44,16,22679,0,grep,4299,1,138,262,11735040,32144
30,1603156463,2020_10_20__00_34_07_delta.json,0,0,0,Invalid Json,44,16,22679,0,grep,4305,1,138,262,11735040,32199
20,1603156468,2020_10_20__00_34_08_delta.json,0,0,0,Invalid Json,44,16,22679,0,grep,4313,1,138,262,11735040,32243
31,1603156473,2020_10_20__00_34_09_delta.json,0,0,0,Invalid Json,44,16,22679,0,grep,4322,1,138,262,11735040,32298
