,currentTime,filename,pBlockIODelays,pChildrenKernelMode,pChildrenUserMode,pCmdline,pCpuTimeKernelMode,pCpuTimeUserMode,pId,pInvoluntaryContextSwitches,pName,pNumThreads,pVirtualMemoryBytes,pVoluntaryContextSwitches
193,1606672479,2020_11_29_15_25_14_delta.json,0.0,0.0,0.0,bwa samse -n 20 /data/References/Broad_UMI/Human_RefSeq/refMrna_ERCC_polyAstrip.hg19.fa - /data/Aligns/B9/all.fastq,0.0,3.0,26759,11,bwa,1,19505152,1
43,1606672489,2020_11_29_15_25_15_delta.json,0.0,0.0,0.0,bwa samse -n 20 /data/References/Broad_UMI/Human_RefSeq/refMrna_ERCC_polyAstrip.hg19.fa - /data/Aligns/B9/all.fastq,0.0,3.0,26759,11,bwa,1,19505152,1
173,1606672499,2020_11_29_15_25_16_delta.json,0.0,0.0,0.0,bwa samse -n 20 /data/References/Broad_UMI/Human_RefSeq/refMrna_ERCC_polyAstrip.hg19.fa - /data/Aligns/B9/all.fastq,0.0,3.0,26759,11,bwa,1,19505152,1
121,1606672509,2020_11_29_15_25_17_delta.json,0.0,0.0,0.0,bwa samse -n 20 /data/References/Broad_UMI/Human_RefSeq/refMrna_ERCC_polyAstrip.hg19.fa - /data/Aligns/B9/all.fastq,0.0,3.0,26759,11,bwa,1,19505152,1
49,1606672520,2020_11_29_15_25_19_delta.json,0.0,0.0,0.0,bwa samse -n 20 /data/References/Broad_UMI/Human_RefSeq/refMrna_ERCC_polyAstrip.hg19.fa - /data/Aligns/B9/all.fastq,8.0,26.0,26759,1732,bwa,1,155742208,2
21,1606672530,2020_11_29_15_25_20_delta.json,0.0,0.0,0.0,bwa samse -n 20 /data/References/Broad_UMI/Human_RefSeq/refMrna_ERCC_polyAstrip.hg19.fa - /data/Aligns/B9/all.fastq,8.0,26.0,26759,1732,bwa,1,155742208,2
72,1606672540,2020_11_29_15_25_21_delta.json,0.0,0.0,0.0,bwa samse -n 20 /data/References/Broad_UMI/Human_RefSeq/refMrna_ERCC_polyAstrip.hg19.fa - /data/Aligns/B9/all.fastq,8.0,26.0,26759,1732,bwa,1,155742208,2
88,1606672550,2020_11_29_15_25_22_delta.json,0.0,0.0,0.0,bwa samse -n 20 /data/References/Broad_UMI/Human_RefSeq/refMrna_ERCC_polyAstrip.hg19.fa - /data/Aligns/B9/all.fastq,30.0,298.0,26759,19462,bwa,1,155889664,3
199,1606672560,2020_11_29_15_25_23_delta.json,0.0,0.0,0.0,bwa samse -n 20 /data/References/Broad_UMI/Human_RefSeq/refMrna_ERCC_polyAstrip.hg19.fa - /data/Aligns/B9/all.fastq,30.0,298.0,26759,19462,bwa,1,155889664,3
55,1606672571,2020_11_29_15_25_24_delta.json,0.0,0.0,0.0,bwa samse -n 20 /data/References/Broad_UMI/Human_RefSeq/refMrna_ERCC_polyAstrip.hg19.fa - /data/Aligns/B9/all.fastq,30.0,298.0,26759,19462,bwa,1,155889664,3
46,1606672581,2020_11_29_15_25_25_delta.json,0.0,0.0,0.0,bwa samse -n 20 /data/References/Broad_UMI/Human_RefSeq/refMrna_ERCC_polyAstrip.hg19.fa - /data/Aligns/B9/all.fastq,30.0,298.0,26759,19462,bwa,1,155889664,3
171,1606672591,2020_11_29_15_25_26_delta.json,0.0,0.0,0.0,bwa samse -n 20 /data/References/Broad_UMI/Human_RefSeq/refMrna_ERCC_polyAstrip.hg19.fa - /data/Aligns/B9/all.fastq,53.0,574.0,26759,37111,bwa,1,195284992,4
183,1606672601,2020_11_29_15_25_27_delta.json,0.0,0.0,0.0,bwa samse -n 20 /data/References/Broad_UMI/Human_RefSeq/refMrna_ERCC_polyAstrip.hg19.fa - /data/Aligns/B9/all.fastq,53.0,574.0,26759,37111,bwa,1,195284992,4
69,1606672611,2020_11_29_15_25_28_delta.json,0.0,0.0,0.0,bwa samse -n 20 /data/References/Broad_UMI/Human_RefSeq/refMrna_ERCC_polyAstrip.hg19.fa - /data/Aligns/B9/all.fastq,53.0,574.0,26759,37111,bwa,1,195284992,4
101,1606672622,2020_11_29_15_25_29_delta.json,0.0,0.0,0.0,bwa samse -n 20 /data/References/Broad_UMI/Human_RefSeq/refMrna_ERCC_polyAstrip.hg19.fa - /data/Aligns/B9/all.fastq,68.0,762.0,26759,39502,bwa,1,195284992,4
33,1606672632,2020_11_29_15_25_30_delta.json,0.0,0.0,0.0,bwa samse -n 20 /data/References/Broad_UMI/Human_RefSeq/refMrna_ERCC_polyAstrip.hg19.fa - /data/Aligns/B9/all.fastq,71.0,846.0000000000001,26759,54868,bwa,1,195284992,5
60,1606672642,2020_11_29_15_25_31_delta.json,0.0,0.0,0.0,bwa samse -n 20 /data/References/Broad_UMI/Human_RefSeq/refMrna_ERCC_polyAstrip.hg19.fa - /data/Aligns/B9/all.fastq,71.0,846.0000000000001,26759,54868,bwa,1,195284992,5
190,1606672652,2020_11_29_15_25_32_delta.json,0.0,0.0,0.0,bwa samse -n 20 /data/References/Broad_UMI/Human_RefSeq/refMrna_ERCC_polyAstrip.hg19.fa - /data/Aligns/B9/all.fastq,71.0,846.0000000000001,26759,54868,bwa,1,195284992,5
77,1606672662,2020_11_29_15_25_33_delta.json,0.0,0.0,0.0,bwa samse -n 20 /data/References/Broad_UMI/Human_RefSeq/refMrna_ERCC_polyAstrip.hg19.fa - /data/Aligns/B9/all.fastq,92.0,1121.0,26759,72682,bwa,1,156028928,6
51,1606672672,2020_11_29_15_25_35_delta.json,0.0,0.0,0.0,bwa samse -n 20 /data/References/Broad_UMI/Human_RefSeq/refMrna_ERCC_polyAstrip.hg19.fa - /data/Aligns/B9/all.fastq,92.0,1121.0,26759,72682,bwa,1,156028928,6
135,1606672682,2020_11_29_15_25_36_delta.json,0.0,0.0,0.0,bwa samse -n 20 /data/References/Broad_UMI/Human_RefSeq/refMrna_ERCC_polyAstrip.hg19.fa - /data/Aligns/B9/all.fastq,92.0,1121.0,26759,72682,bwa,1,156028928,6
74,1606672692,2020_11_29_15_25_37_delta.json,0.0,0.0,0.0,bwa samse -n 20 /data/References/Broad_UMI/Human_RefSeq/refMrna_ERCC_polyAstrip.hg19.fa - /data/Aligns/B9/all.fastq,92.0,1121.0,26759,72682,bwa,1,156028928,6
158,1606672702,2020_11_29_15_25_38_delta.json,0.0,0.0,0.0,bwa samse -n 20 /data/References/Broad_UMI/Human_RefSeq/refMrna_ERCC_polyAstrip.hg19.fa - /data/Aligns/B9/all.fastq,112.00000000000001,1405.0,26759,77439,bwa,1,195407872,16
143,1606672712,2020_11_29_15_25_39_delta.json,0.0,0.0,0.0,bwa samse -n 20 /data/References/Broad_UMI/Human_RefSeq/refMrna_ERCC_polyAstrip.hg19.fa - /data/Aligns/B9/all.fastq,112.00000000000001,1405.0,26759,77439,bwa,1,195407872,16
12,1606672722,2020_11_29_15_25_40_delta.json,0.0,0.0,0.0,bwa samse -n 20 /data/References/Broad_UMI/Human_RefSeq/refMrna_ERCC_polyAstrip.hg19.fa - /data/Aligns/B9/all.fastq,112.00000000000001,1405.0,26759,77439,bwa,1,195407872,16
212,1606672732,2020_11_29_15_25_41_delta.json,0.0,0.0,0.0,bwa samse -n 20 /data/References/Broad_UMI/Human_RefSeq/refMrna_ERCC_polyAstrip.hg19.fa - /data/Aligns/B9/all.fastq,124.0,1511.0,26759,77478,bwa,1,388698112,16
27,1606672742,2020_11_29_15_25_42_delta.json,0.0,0.0,0.0,bwa samse -n 20 /data/References/Broad_UMI/Human_RefSeq/refMrna_ERCC_polyAstrip.hg19.fa - /data/Aligns/B9/all.fastq,134.0,1677.0,26759,95213,bwa,1,195407872,17
162,1606672752,2020_11_29_15_25_43_delta.json,0.0,0.0,0.0,bwa samse -n 20 /data/References/Broad_UMI/Human_RefSeq/refMrna_ERCC_polyAstrip.hg19.fa - /data/Aligns/B9/all.fastq,134.0,1677.0,26759,95213,bwa,1,195407872,17
196,1606672762,2020_11_29_15_25_44_delta.json,0.0,0.0,0.0,bwa samse -n 20 /data/References/Broad_UMI/Human_RefSeq/refMrna_ERCC_polyAstrip.hg19.fa - /data/Aligns/B9/all.fastq,134.0,1677.0,26759,95213,bwa,1,195407872,17
15,1606672772,2020_11_29_15_25_45_delta.json,0.0,0.0,0.0,bwa samse -n 20 /data/References/Broad_UMI/Human_RefSeq/refMrna_ERCC_polyAstrip.hg19.fa - /data/Aligns/B9/all.fastq,157.0,1948.9999999999998,26759,112586,bwa,1,195407872,18
179,1606672782,2020_11_29_15_25_46_delta.json,0.0,0.0,0.0,bwa samse -n 20 /data/References/Broad_UMI/Human_RefSeq/refMrna_ERCC_polyAstrip.hg19.fa - /data/Aligns/B9/all.fastq,157.0,1948.9999999999998,26759,112586,bwa,1,195407872,18
98,1606672792,2020_11_29_15_25_47_delta.json,0.0,0.0,0.0,bwa samse -n 20 /data/References/Broad_UMI/Human_RefSeq/refMrna_ERCC_polyAstrip.hg19.fa - /data/Aligns/B9/all.fastq,157.0,1948.9999999999998,26759,112586,bwa,1,195407872,18
176,1606672802,2020_11_29_15_25_48_delta.json,0.0,0.0,0.0,bwa samse -n 20 /data/References/Broad_UMI/Human_RefSeq/refMrna_ERCC_polyAstrip.hg19.fa - /data/Aligns/B9/all.fastq,157.0,1948.9999999999998,26759,112586,bwa,1,195407872,18
166,1606672812,2020_11_29_15_25_49_delta.json,0.0,0.0,0.0,bwa samse -n 20 /data/References/Broad_UMI/Human_RefSeq/refMrna_ERCC_polyAstrip.hg19.fa - /data/Aligns/B9/all.fastq,180.0,2219.0,26759,130555,bwa,1,155987968,19
160,1606672822,2020_11_29_15_25_50_delta.json,0.0,0.0,0.0,bwa samse -n 20 /data/References/Broad_UMI/Human_RefSeq/refMrna_ERCC_polyAstrip.hg19.fa - /data/Aligns/B9/all.fastq,180.0,2219.0,26759,130555,bwa,1,155987968,19
136,1606672832,2020_11_29_15_25_52_delta.json,0.0,0.0,0.0,bwa samse -n 20 /data/References/Broad_UMI/Human_RefSeq/refMrna_ERCC_polyAstrip.hg19.fa - /data/Aligns/B9/all.fastq,180.0,2219.0,26759,130555,bwa,1,155987968,19
86,1606672842,2020_11_29_15_25_53_delta.json,0.0,0.0,0.0,bwa samse -n 20 /data/References/Broad_UMI/Human_RefSeq/refMrna_ERCC_polyAstrip.hg19.fa - /data/Aligns/B9/all.fastq,191.0,2303.0,26759,130596,bwa,1,349278208,19
151,1606672852,2020_11_29_15_25_54_delta.json,0.0,0.0,0.0,bwa samse -n 20 /data/References/Broad_UMI/Human_RefSeq/refMrna_ERCC_polyAstrip.hg19.fa - /data/Aligns/B9/all.fastq,200.99999999999997,2491.0,26759,148370,bwa,1,195366912,20
54,1606672862,2020_11_29_15_25_55_delta.json,0.0,0.0,0.0,bwa samse -n 20 /data/References/Broad_UMI/Human_RefSeq/refMrna_ERCC_polyAstrip.hg19.fa - /data/Aligns/B9/all.fastq,200.99999999999997,2491.0,26759,148370,bwa,1,195366912,20
79,1606672872,2020_11_29_15_25_56_delta.json,0.0,0.0,0.0,bwa samse -n 20 /data/References/Broad_UMI/Human_RefSeq/refMrna_ERCC_polyAstrip.hg19.fa - /data/Aligns/B9/all.fastq,200.99999999999997,2491.0,26759,148370,bwa,1,195366912,20
168,1606672882,2020_11_29_15_25_57_delta.json,0.0,0.0,0.0,bwa samse -n 20 /data/References/Broad_UMI/Human_RefSeq/refMrna_ERCC_polyAstrip.hg19.fa - /data/Aligns/B9/all.fastq,224.00000000000003,2760.0,26759,165892,bwa,1,195366912,21
167,1606672892,2020_11_29_15_25_58_delta.json,0.0,0.0,0.0,bwa samse -n 20 /data/References/Broad_UMI/Human_RefSeq/refMrna_ERCC_polyAstrip.hg19.fa - /data/Aligns/B9/all.fastq,224.00000000000003,2760.0,26759,165892,bwa,1,195366912,21
110,1606672902,2020_11_29_15_25_59_delta.json,0.0,0.0,0.0,bwa samse -n 20 /data/References/Broad_UMI/Human_RefSeq/refMrna_ERCC_polyAstrip.hg19.fa - /data/Aligns/B9/all.fastq,224.00000000000003,2760.0,26759,165892,bwa,1,195366912,21
205,1606672912,2020_11_29_15_26_00_delta.json,0.0,0.0,0.0,bwa samse -n 20 /data/References/Broad_UMI/Human_RefSeq/refMrna_ERCC_polyAstrip.hg19.fa - /data/Aligns/B9/all.fastq,224.00000000000003,2760.0,26759,165892,bwa,1,195366912,21
99,1606672922,2020_11_29_15_26_01_delta.json,0.0,0.0,0.0,bwa samse -n 20 /data/References/Broad_UMI/Human_RefSeq/refMrna_ERCC_polyAstrip.hg19.fa - /data/Aligns/B9/all.fastq,246.0,3031.0,26759,183638,bwa,1,195366912,22
189,1606672932,2020_11_29_15_26_02_delta.json,0.0,0.0,0.0,bwa samse -n 20 /data/References/Broad_UMI/Human_RefSeq/refMrna_ERCC_polyAstrip.hg19.fa - /data/Aligns/B9/all.fastq,246.0,3031.0,26759,183638,bwa,1,195366912,22
36,1606672942,2020_11_29_15_26_03_delta.json,0.0,0.0,0.0,bwa samse -n 20 /data/References/Broad_UMI/Human_RefSeq/refMrna_ERCC_polyAstrip.hg19.fa - /data/Aligns/B9/all.fastq,246.0,3031.0,26759,183638,bwa,1,195366912,22
120,1606672952,2020_11_29_15_26_04_delta.json,0.0,0.0,0.0,bwa samse -n 20 /data/References/Broad_UMI/Human_RefSeq/refMrna_ERCC_polyAstrip.hg19.fa - /data/Aligns/B9/all.fastq,256.0,3031.0,26759,183651,bwa,1,388657152,22
117,1606672962,2020_11_29_15_26_05_delta.json,0.0,0.0,0.0,bwa samse -n 20 /data/References/Broad_UMI/Human_RefSeq/refMrna_ERCC_polyAstrip.hg19.fa - /data/Aligns/B9/all.fastq,270.0,3302.0000000000005,26759,201448,bwa,1,155963392,23
107,1606672972,2020_11_29_15_26_07_delta.json,0.0,0.0,0.0,bwa samse -n 20 /data/References/Broad_UMI/Human_RefSeq/refMrna_ERCC_polyAstrip.hg19.fa - /data/Aligns/B9/all.fastq,270.0,3302.0000000000005,26759,201448,bwa,1,155963392,23
181,1606672982,2020_11_29_15_26_08_delta.json,0.0,0.0,0.0,bwa samse -n 20 /data/References/Broad_UMI/Human_RefSeq/refMrna_ERCC_polyAstrip.hg19.fa - /data/Aligns/B9/all.fastq,270.0,3302.0000000000005,26759,201448,bwa,1,155963392,23
141,1606672992,2020_11_29_15_26_09_delta.json,0.0,0.0,0.0,bwa samse -n 20 /data/References/Broad_UMI/Human_RefSeq/refMrna_ERCC_polyAstrip.hg19.fa - /data/Aligns/B9/all.fastq,292.0,3572.0,26759,219238,bwa,1,195207168,24
93,1606673002,2020_11_29_15_26_10_delta.json,0.0,0.0,0.0,bwa samse -n 20 /data/References/Broad_UMI/Human_RefSeq/refMrna_ERCC_polyAstrip.hg19.fa - /data/Aligns/B9/all.fastq,292.0,3572.0,26759,219238,bwa,1,195207168,24
116,1606673012,2020_11_29_15_26_11_delta.json,0.0,0.0,0.0,bwa samse -n 20 /data/References/Broad_UMI/Human_RefSeq/refMrna_ERCC_polyAstrip.hg19.fa - /data/Aligns/B9/all.fastq,292.0,3572.0,26759,219238,bwa,1,195207168,24
202,1606673022,2020_11_29_15_26_12_delta.json,0.0,0.0,0.0,bwa samse -n 20 /data/References/Broad_UMI/Human_RefSeq/refMrna_ERCC_polyAstrip.hg19.fa - /data/Aligns/B9/all.fastq,292.0,3572.0,26759,219238,bwa,1,195207168,24
71,1606673032,2020_11_29_15_26_13_delta.json,0.0,0.0,0.0,bwa samse -n 20 /data/References/Broad_UMI/Human_RefSeq/refMrna_ERCC_polyAstrip.hg19.fa - /data/Aligns/B9/all.fastq,311.0,3843.0,26759,237044,bwa,1,195207168,25
118,1606673042,2020_11_29_15_26_14_delta.json,0.0,0.0,0.0,bwa samse -n 20 /data/References/Broad_UMI/Human_RefSeq/refMrna_ERCC_polyAstrip.hg19.fa - /data/Aligns/B9/all.fastq,311.0,3843.0,26759,237044,bwa,1,195207168,25
213,1606673052,2020_11_29_15_26_15_delta.json,0.0,0.0,0.0,bwa samse -n 20 /data/References/Broad_UMI/Human_RefSeq/refMrna_ERCC_polyAstrip.hg19.fa - /data/Aligns/B9/all.fastq,311.0,3843.0,26759,237044,bwa,1,195207168,25
6,1606673062,2020_11_29_15_26_16_delta.json,0.0,0.0,0.0,bwa samse -n 20 /data/References/Broad_UMI/Human_RefSeq/refMrna_ERCC_polyAstrip.hg19.fa - /data/Aligns/B9/all.fastq,311.0,3843.0,26759,237044,bwa,1,195207168,25
22,1606673072,2020_11_29_15_26_17_delta.json,0.0,0.0,0.0,bwa samse -n 20 /data/References/Broad_UMI/Human_RefSeq/refMrna_ERCC_polyAstrip.hg19.fa - /data/Aligns/B9/all.fastq,334.0,4119.0,26759,254817,bwa,1,155951104,26
150,1606673083,2020_11_29_15_26_18_delta.json,0.0,0.0,0.0,bwa samse -n 20 /data/References/Broad_UMI/Human_RefSeq/refMrna_ERCC_polyAstrip.hg19.fa - /data/Aligns/B9/all.fastq,334.0,4119.0,26759,254817,bwa,1,155951104,26
201,1606673093,2020_11_29_15_26_19_delta.json,0.0,0.0,0.0,bwa samse -n 20 /data/References/Broad_UMI/Human_RefSeq/refMrna_ERCC_polyAstrip.hg19.fa - /data/Aligns/B9/all.fastq,334.0,4119.0,26759,254817,bwa,1,155951104,26
58,1606673103,2020_11_29_15_26_20_delta.json,0.0,0.0,0.0,bwa samse -n 20 /data/References/Broad_UMI/Human_RefSeq/refMrna_ERCC_polyAstrip.hg19.fa - /data/Aligns/B9/all.fastq,345.0,4258.0,26759,254891,bwa,1,349241344,26
203,1606673113,2020_11_29_15_26_21_delta.json,0.0,0.0,0.0,bwa samse -n 20 /data/References/Broad_UMI/Human_RefSeq/refMrna_ERCC_polyAstrip.hg19.fa - /data/Aligns/B9/all.fastq,354.0,4392.0,26759,272453,bwa,1,195194880,27
76,1606673123,2020_11_29_15_26_23_delta.json,0.0,0.0,0.0,bwa samse -n 20 /data/References/Broad_UMI/Human_RefSeq/refMrna_ERCC_polyAstrip.hg19.fa - /data/Aligns/B9/all.fastq,354.0,4392.0,26759,272453,bwa,1,195194880,27
13,1606673133,2020_11_29_15_26_24_delta.json,0.0,0.0,0.0,bwa samse -n 20 /data/References/Broad_UMI/Human_RefSeq/refMrna_ERCC_polyAstrip.hg19.fa - /data/Aligns/B9/all.fastq,354.0,4392.0,26759,272453,bwa,1,195194880,27
207,1606673143,2020_11_29_15_26_25_delta.json,0.0,0.0,0.0,bwa samse -n 20 /data/References/Broad_UMI/Human_RefSeq/refMrna_ERCC_polyAstrip.hg19.fa - /data/Aligns/B9/all.fastq,374.0,4641.0,26759,289177,bwa,1,195194880,28
215,1606673153,2020_11_29_15_26_26_delta.json,0.0,0.0,0.0,bwa samse -n 20 /data/References/Broad_UMI/Human_RefSeq/refMrna_ERCC_polyAstrip.hg19.fa - /data/Aligns/B9/all.fastq,374.0,4641.0,26759,289177,bwa,1,195194880,28
45,1606673163,2020_11_29_15_26_27_delta.json,0.0,0.0,0.0,bwa samse -n 20 /data/References/Broad_UMI/Human_RefSeq/refMrna_ERCC_polyAstrip.hg19.fa - /data/Aligns/B9/all.fastq,374.0,4641.0,26759,289177,bwa,1,195194880,28
103,1606673173,2020_11_29_15_26_28_delta.json,0.0,0.0,0.0,bwa samse -n 20 /data/References/Broad_UMI/Human_RefSeq/refMrna_ERCC_polyAstrip.hg19.fa - /data/Aligns/B9/all.fastq,374.0,4641.0,26759,289177,bwa,1,195194880,28
64,1606673183,2020_11_29_15_26_29_delta.json,0.0,0.0,0.0,bwa samse -n 20 /data/References/Broad_UMI/Human_RefSeq/refMrna_ERCC_polyAstrip.hg19.fa - /data/Aligns/B9/all.fastq,397.0,4913.0,26759,306944,bwa,1,219009024,29
41,1606673193,2020_11_29_15_26_30_delta.json,0.0,0.0,0.0,bwa samse -n 20 /data/References/Broad_UMI/Human_RefSeq/refMrna_ERCC_polyAstrip.hg19.fa - /data/Aligns/B9/all.fastq,397.0,4913.0,26759,306944,bwa,1,219009024,29
100,1606673203,2020_11_29_15_26_31_delta.json,0.0,0.0,0.0,bwa samse -n 20 /data/References/Broad_UMI/Human_RefSeq/refMrna_ERCC_polyAstrip.hg19.fa - /data/Aligns/B9/all.fastq,397.0,4913.0,26759,306944,bwa,1,219009024,29
104,1606673213,2020_11_29_15_26_32_delta.json,0.0,0.0,0.0,bwa samse -n 20 /data/References/Broad_UMI/Human_RefSeq/refMrna_ERCC_polyAstrip.hg19.fa - /data/Aligns/B9/all.fastq,408.0,4961.0,26759,306957,bwa,1,412299264,29
29,1606673223,2020_11_29_15_26_33_delta.json,0.0,0.0,0.0,bwa samse -n 20 /data/References/Broad_UMI/Human_RefSeq/refMrna_ERCC_polyAstrip.hg19.fa - /data/Aligns/B9/all.fastq,416.0,5187.0,26759,324675,bwa,1,219009024,30
97,1606673233,2020_11_29_15_26_34_delta.json,0.0,0.0,0.0,bwa samse -n 20 /data/References/Broad_UMI/Human_RefSeq/refMrna_ERCC_polyAstrip.hg19.fa - /data/Aligns/B9/all.fastq,416.0,5187.0,26759,324675,bwa,1,219009024,30
20,1606673243,2020_11_29_15_26_35_delta.json,0.0,0.0,0.0,bwa samse -n 20 /data/References/Broad_UMI/Human_RefSeq/refMrna_ERCC_polyAstrip.hg19.fa - /data/Aligns/B9/all.fastq,416.0,5187.0,26759,324675,bwa,1,219009024,30
182,1606673253,2020_11_29_15_26_36_delta.json,0.0,0.0,0.0,bwa samse -n 20 /data/References/Broad_UMI/Human_RefSeq/refMrna_ERCC_polyAstrip.hg19.fa - /data/Aligns/B9/all.fastq,438.99999999999994,5456.0,26759,342751,bwa,1,219009024,31
149,1606673263,2020_11_29_15_26_37_delta.json,0.0,0.0,0.0,bwa samse -n 20 /data/References/Broad_UMI/Human_RefSeq/refMrna_ERCC_polyAstrip.hg19.fa - /data/Aligns/B9/all.fastq,438.99999999999994,5456.0,26759,342751,bwa,1,219009024,31
8,1606673273,2020_11_29_15_26_38_delta.json,0.0,0.0,0.0,bwa samse -n 20 /data/References/Broad_UMI/Human_RefSeq/refMrna_ERCC_polyAstrip.hg19.fa - /data/Aligns/B9/all.fastq,438.99999999999994,5456.0,26759,342751,bwa,1,219009024,31
70,1606673283,2020_11_29_15_26_40_delta.json,0.0,0.0,0.0,bwa samse -n 20 /data/References/Broad_UMI/Human_RefSeq/refMrna_ERCC_polyAstrip.hg19.fa - /data/Aligns/B9/all.fastq,438.99999999999994,5456.0,26759,342751,bwa,1,219009024,31
68,1606673293,2020_11_29_15_26_41_delta.json,0.0,0.0,0.0,bwa samse -n 20 /data/References/Broad_UMI/Human_RefSeq/refMrna_ERCC_polyAstrip.hg19.fa - /data/Aligns/B9/all.fastq,463.0,5724.0,26759,349403,bwa,1,155893760,50
206,1606673303,2020_11_29_15_26_42_delta.json,0.0,0.0,0.0,bwa samse -n 20 /data/References/Broad_UMI/Human_RefSeq/refMrna_ERCC_polyAstrip.hg19.fa - /data/Aligns/B9/all.fastq,463.0,5724.0,26759,349403,bwa,1,155893760,50
56,1606673313,2020_11_29_15_26_43_delta.json,0.0,0.0,0.0,bwa samse -n 20 /data/References/Broad_UMI/Human_RefSeq/refMrna_ERCC_polyAstrip.hg19.fa - /data/Aligns/B9/all.fastq,463.0,5724.0,26759,349403,bwa,1,155893760,50
34,1606673323,2020_11_29_15_26_44_delta.json,0.0,0.0,0.0,bwa samse -n 20 /data/References/Broad_UMI/Human_RefSeq/refMrna_ERCC_polyAstrip.hg19.fa - /data/Aligns/B9/all.fastq,479.0,5907.0,26759,350687,bwa,1,195330048,50
186,1606673333,2020_11_29_15_26_45_delta.json,0.0,0.0,0.0,bwa samse -n 20 /data/References/Broad_UMI/Human_RefSeq/refMrna_ERCC_polyAstrip.hg19.fa - /data/Aligns/B9/all.fastq,486.00000000000006,5995.0,26759,357995,bwa,1,195330048,61
144,1606673343,2020_11_29_15_26_46_delta.json,0.0,0.0,0.0,bwa samse -n 20 /data/References/Broad_UMI/Human_RefSeq/refMrna_ERCC_polyAstrip.hg19.fa - /data/Aligns/B9/all.fastq,486.00000000000006,5995.0,26759,357995,bwa,1,195330048,61
17,1606673353,2020_11_29_15_26_47_delta.json,0.0,0.0,0.0,bwa samse -n 20 /data/References/Broad_UMI/Human_RefSeq/refMrna_ERCC_polyAstrip.hg19.fa - /data/Aligns/B9/all.fastq,486.00000000000006,5995.0,26759,357995,bwa,1,195330048,61
155,1606673363,2020_11_29_15_26_48_delta.json,0.0,0.0,0.0,bwa samse -n 20 /data/References/Broad_UMI/Human_RefSeq/refMrna_ERCC_polyAstrip.hg19.fa - /data/Aligns/B9/all.fastq,509.99999999999994,6267.0,26759,370233,bwa,1,155795456,72
53,1606673373,2020_11_29_15_26_49_delta.json,0.0,0.0,0.0,bwa samse -n 20 /data/References/Broad_UMI/Human_RefSeq/refMrna_ERCC_polyAstrip.hg19.fa - /data/Aligns/B9/all.fastq,509.99999999999994,6267.0,26759,370233,bwa,1,155795456,72
42,1606673383,2020_11_29_15_26_50_delta.json,0.0,0.0,0.0,bwa samse -n 20 /data/References/Broad_UMI/Human_RefSeq/refMrna_ERCC_polyAstrip.hg19.fa - /data/Aligns/B9/all.fastq,509.99999999999994,6267.0,26759,370233,bwa,1,155795456,72
154,1606673393,2020_11_29_15_26_51_delta.json,0.0,0.0,0.0,bwa samse -n 20 /data/References/Broad_UMI/Human_RefSeq/refMrna_ERCC_polyAstrip.hg19.fa - /data/Aligns/B9/all.fastq,532.0,6538.0,26759,378812,bwa,1,195223552,91
40,1606673403,2020_11_29_15_26_52_delta.json,0.0,0.0,0.0,bwa samse -n 20 /data/References/Broad_UMI/Human_RefSeq/refMrna_ERCC_polyAstrip.hg19.fa - /data/Aligns/B9/all.fastq,532.0,6538.0,26759,378812,bwa,1,195223552,91
30,1606673413,2020_11_29_15_26_53_delta.json,0.0,0.0,0.0,bwa samse -n 20 /data/References/Broad_UMI/Human_RefSeq/refMrna_ERCC_polyAstrip.hg19.fa - /data/Aligns/B9/all.fastq,532.0,6538.0,26759,378812,bwa,1,195223552,91
214,1606673423,2020_11_29_15_26_54_delta.json,0.0,0.0,0.0,bwa samse -n 20 /data/References/Broad_UMI/Human_RefSeq/refMrna_ERCC_polyAstrip.hg19.fa - /data/Aligns/B9/all.fastq,533.0,6538.0,26759,378815,bwa,1,324083712,91
165,1606673433,2020_11_29_15_26_55_delta.json,0.0,0.0,0.0,bwa samse -n 20 /data/References/Broad_UMI/Human_RefSeq/refMrna_ERCC_polyAstrip.hg19.fa - /data/Aligns/B9/all.fastq,552.0,6772.0,26759,378830,bwa,1,195223552,111
7,1606673443,2020_11_29_15_26_57_delta.json,0.0,0.0,0.0,bwa samse -n 20 /data/References/Broad_UMI/Human_RefSeq/refMrna_ERCC_polyAstrip.hg19.fa - /data/Aligns/B9/all.fastq,552.0,6772.0,26759,378830,bwa,1,195223552,111
172,1606673453,2020_11_29_15_26_58_delta.json,0.0,0.0,0.0,bwa samse -n 20 /data/References/Broad_UMI/Human_RefSeq/refMrna_ERCC_polyAstrip.hg19.fa - /data/Aligns/B9/all.fastq,552.0,6772.0,26759,378830,bwa,1,195223552,111
131,1606673463,2020_11_29_15_26_59_delta.json,0.0,0.0,0.0,bwa samse -n 20 /data/References/Broad_UMI/Human_RefSeq/refMrna_ERCC_polyAstrip.hg19.fa - /data/Aligns/B9/all.fastq,580.0,7038.0,26759,379538,bwa,1,182792192,121
5,1606673473,2020_11_29_15_27_00_delta.json,0.0,0.0,0.0,bwa samse -n 20 /data/References/Broad_UMI/Human_RefSeq/refMrna_ERCC_polyAstrip.hg19.fa - /data/Aligns/B9/all.fastq,580.0,7038.0,26759,379538,bwa,1,182792192,121
126,1606673483,2020_11_29_15_27_01_delta.json,0.0,0.0,0.0,bwa samse -n 20 /data/References/Broad_UMI/Human_RefSeq/refMrna_ERCC_polyAstrip.hg19.fa - /data/Aligns/B9/all.fastq,580.0,7038.0,26759,379538,bwa,1,182792192,121
216,1606673493,2020_11_29_15_27_02_delta.json,0.0,0.0,0.0,bwa samse -n 20 /data/References/Broad_UMI/Human_RefSeq/refMrna_ERCC_polyAstrip.hg19.fa - /data/Aligns/B9/all.fastq,605.0,7298.0,26759,379548,bwa,1,215007232,121
123,1606673503,2020_11_29_15_27_03_delta.json,0.0,0.0,0.0,bwa samse -n 20 /data/References/Broad_UMI/Human_RefSeq/refMrna_ERCC_polyAstrip.hg19.fa - /data/Aligns/B9/all.fastq,607.0,7311.0,26759,379548,bwa,1,215007232,122
10,1606673513,2020_11_29_15_27_04_delta.json,0.0,0.0,0.0,bwa samse -n 20 /data/References/Broad_UMI/Human_RefSeq/refMrna_ERCC_polyAstrip.hg19.fa - /data/Aligns/B9/all.fastq,607.0,7311.0,26759,379548,bwa,1,215007232,122
0,1606673523,2020_11_29_15_27_05_delta.json,0.0,0.0,0.0,bwa samse -n 20 /data/References/Broad_UMI/Human_RefSeq/refMrna_ERCC_polyAstrip.hg19.fa - /data/Aligns/B9/all.fastq,619.0,7448.0,26759,379663,bwa,1,215007232,122
52,1606673533,2020_11_29_15_27_06_delta.json,0.0,0.0,0.0,bwa samse -n 20 /data/References/Broad_UMI/Human_RefSeq/refMrna_ERCC_polyAstrip.hg19.fa - /data/Aligns/B9/all.fastq,626.0,7508.0,26759,379671,bwa,1,215007232,123
32,1606673543,2020_11_29_15_27_07_delta.json,0.0,0.0,0.0,bwa samse -n 20 /data/References/Broad_UMI/Human_RefSeq/refMrna_ERCC_polyAstrip.hg19.fa - /data/Aligns/B9/all.fastq,626.0,7508.0,26759,379671,bwa,1,215007232,123
217,1606673553,2020_11_29_15_27_08_delta.json,0.0,0.0,0.0,bwa samse -n 20 /data/References/Broad_UMI/Human_RefSeq/refMrna_ERCC_polyAstrip.hg19.fa - /data/Aligns/B9/all.fastq,653.0,7775.0,26759,382539,bwa,1,215007232,135
23,1606673563,2020_11_29_15_27_09_delta.json,0.0,0.0,0.0,bwa samse -n 20 /data/References/Broad_UMI/Human_RefSeq/refMrna_ERCC_polyAstrip.hg19.fa - /data/Aligns/B9/all.fastq,653.0,7775.0,26759,382539,bwa,1,215007232,135
47,1606673573,2020_11_29_15_27_10_delta.json,0.0,0.0,0.0,bwa samse -n 20 /data/References/Broad_UMI/Human_RefSeq/refMrna_ERCC_polyAstrip.hg19.fa - /data/Aligns/B9/all.fastq,653.0,7775.0,26759,382539,bwa,1,215007232,135
198,1606673583,2020_11_29_15_27_11_delta.json,0.0,0.0,0.0,bwa samse -n 20 /data/References/Broad_UMI/Human_RefSeq/refMrna_ERCC_polyAstrip.hg19.fa - /data/Aligns/B9/all.fastq,653.0,7775.0,26759,382539,bwa,1,215007232,135
31,1606673593,2020_11_29_15_27_12_delta.json,0.0,0.0,0.0,bwa samse -n 20 /data/References/Broad_UMI/Human_RefSeq/refMrna_ERCC_polyAstrip.hg19.fa - /data/Aligns/B9/all.fastq,679.0,7968.000000000001,26759,382546,bwa,1,215007232,136
124,1606673603,2020_11_29_15_27_13_delta.json,0.0,0.0,0.0,bwa samse -n 20 /data/References/Broad_UMI/Human_RefSeq/refMrna_ERCC_polyAstrip.hg19.fa - /data/Aligns/B9/all.fastq,679.0,7968.000000000001,26759,382546,bwa,1,215007232,136
38,1606673613,2020_11_29_15_27_15_delta.json,0.0,0.0,0.0,bwa samse -n 20 /data/References/Broad_UMI/Human_RefSeq/refMrna_ERCC_polyAstrip.hg19.fa - /data/Aligns/B9/all.fastq,679.0,7968.000000000001,26759,382546,bwa,1,215007232,136
59,1606673623,2020_11_29_15_27_16_delta.json,0.0,0.0,0.0,bwa samse -n 20 /data/References/Broad_UMI/Human_RefSeq/refMrna_ERCC_polyAstrip.hg19.fa - /data/Aligns/B9/all.fastq,699.0,8159.0,26759,382578,bwa,1,215007232,137
163,1606673633,2020_11_29_15_27_17_delta.json,0.0,0.0,0.0,bwa samse -n 20 /data/References/Broad_UMI/Human_RefSeq/refMrna_ERCC_polyAstrip.hg19.fa - /data/Aligns/B9/all.fastq,699.0,8159.0,26759,382578,bwa,1,215007232,137
3,1606673643,2020_11_29_15_27_18_delta.json,0.0,0.0,0.0,bwa samse -n 20 /data/References/Broad_UMI/Human_RefSeq/refMrna_ERCC_polyAstrip.hg19.fa - /data/Aligns/B9/all.fastq,710.0,8268.0,26759,382582,bwa,1,408297472,137
210,1606673653,2020_11_29_15_27_19_delta.json,0.0,0.0,0.0,bwa samse -n 20 /data/References/Broad_UMI/Human_RefSeq/refMrna_ERCC_polyAstrip.hg19.fa - /data/Aligns/B9/all.fastq,728.0,8391.0,26759,382595,bwa,1,215007232,139
109,1606673663,2020_11_29_15_27_20_delta.json,0.0,0.0,0.0,bwa samse -n 20 /data/References/Broad_UMI/Human_RefSeq/refMrna_ERCC_polyAstrip.hg19.fa - /data/Aligns/B9/all.fastq,728.0,8391.0,26759,382595,bwa,1,215007232,139
138,1606673673,2020_11_29_15_27_21_delta.json,0.0,0.0,0.0,bwa samse -n 20 /data/References/Broad_UMI/Human_RefSeq/refMrna_ERCC_polyAstrip.hg19.fa - /data/Aligns/B9/all.fastq,751.0,8597.0,26759,382619,bwa,1,215007232,140
92,1606673683,2020_11_29_15_27_22_delta.json,0.0,0.0,0.0,bwa samse -n 20 /data/References/Broad_UMI/Human_RefSeq/refMrna_ERCC_polyAstrip.hg19.fa - /data/Aligns/B9/all.fastq,751.0,8597.0,26759,382619,bwa,1,215007232,140
80,1606673693,2020_11_29_15_27_23_delta.json,0.0,0.0,0.0,bwa samse -n 20 /data/References/Broad_UMI/Human_RefSeq/refMrna_ERCC_polyAstrip.hg19.fa - /data/Aligns/B9/all.fastq,751.0,8597.0,26759,382619,bwa,1,215007232,140
125,1606673703,2020_11_29_15_27_24_delta.json,0.0,0.0,0.0,bwa samse -n 20 /data/References/Broad_UMI/Human_RefSeq/refMrna_ERCC_polyAstrip.hg19.fa - /data/Aligns/B9/all.fastq,772.0,8787.0,26759,382623,bwa,1,215007232,141
129,1606673713,2020_11_29_15_27_25_delta.json,0.0,0.0,0.0,bwa samse -n 20 /data/References/Broad_UMI/Human_RefSeq/refMrna_ERCC_polyAstrip.hg19.fa - /data/Aligns/B9/all.fastq,772.0,8787.0,26759,382623,bwa,1,215007232,141
11,1606673723,2020_11_29_15_27_26_delta.json,0.0,0.0,0.0,bwa samse -n 20 /data/References/Broad_UMI/Human_RefSeq/refMrna_ERCC_polyAstrip.hg19.fa - /data/Aligns/B9/all.fastq,772.0,8787.0,26759,382623,bwa,1,215007232,141
195,1606673733,2020_11_29_15_27_27_delta.json,0.0,0.0,0.0,bwa samse -n 20 /data/References/Broad_UMI/Human_RefSeq/refMrna_ERCC_polyAstrip.hg19.fa - /data/Aligns/B9/all.fastq,793.0,8971.0,26759,382626,bwa,1,162574336,142
106,1606673743,2020_11_29_15_27_28_delta.json,0.0,0.0,0.0,bwa samse -n 20 /data/References/Broad_UMI/Human_RefSeq/refMrna_ERCC_polyAstrip.hg19.fa - /data/Aligns/B9/all.fastq,793.0,8971.0,26759,382626,bwa,1,162574336,142
137,1606673753,2020_11_29_15_27_29_delta.json,0.0,0.0,0.0,bwa samse -n 20 /data/References/Broad_UMI/Human_RefSeq/refMrna_ERCC_polyAstrip.hg19.fa - /data/Aligns/B9/all.fastq,813.0000000000001,9167.0,26759,382630,bwa,1,195293184,144
4,1606673763,2020_11_29_15_27_30_delta.json,0.0,0.0,0.0,bwa samse -n 20 /data/References/Broad_UMI/Human_RefSeq/refMrna_ERCC_polyAstrip.hg19.fa - /data/Aligns/B9/all.fastq,813.0000000000001,9167.0,26759,382630,bwa,1,195293184,144
25,1606673773,2020_11_29_15_27_31_delta.json,0.0,0.0,0.0,bwa samse -n 20 /data/References/Broad_UMI/Human_RefSeq/refMrna_ERCC_polyAstrip.hg19.fa - /data/Aligns/B9/all.fastq,813.0000000000001,9167.0,26759,382630,bwa,1,195293184,144
197,1606673783,2020_11_29_15_27_33_delta.json,0.0,0.0,0.0,bwa samse -n 20 /data/References/Broad_UMI/Human_RefSeq/refMrna_ERCC_polyAstrip.hg19.fa - /data/Aligns/B9/all.fastq,830.0000000000001,9358.0,26759,382633,bwa,1,156069888,145
39,1606673793,2020_11_29_15_27_34_delta.json,0.0,0.0,0.0,bwa samse -n 20 /data/References/Broad_UMI/Human_RefSeq/refMrna_ERCC_polyAstrip.hg19.fa - /data/Aligns/B9/all.fastq,830.0000000000001,9358.0,26759,382633,bwa,1,156069888,145
2,1606673803,2020_11_29_15_27_35_delta.json,0.0,0.0,0.0,bwa samse -n 20 /data/References/Broad_UMI/Human_RefSeq/refMrna_ERCC_polyAstrip.hg19.fa - /data/Aligns/B9/all.fastq,852.0,9548.0,26759,382635,bwa,1,195674112,146
122,1606673813,2020_11_29_15_27_36_delta.json,0.0,0.0,0.0,bwa samse -n 20 /data/References/Broad_UMI/Human_RefSeq/refMrna_ERCC_polyAstrip.hg19.fa - /data/Aligns/B9/all.fastq,852.0,9548.0,26759,382635,bwa,1,195674112,146
153,1606673823,2020_11_29_15_27_37_delta.json,0.0,0.0,0.0,bwa samse -n 20 /data/References/Broad_UMI/Human_RefSeq/refMrna_ERCC_polyAstrip.hg19.fa - /data/Aligns/B9/all.fastq,852.0,9548.0,26759,382635,bwa,1,195674112,146
57,1606673833,2020_11_29_15_27_38_delta.json,0.0,0.0,0.0,bwa samse -n 20 /data/References/Broad_UMI/Human_RefSeq/refMrna_ERCC_polyAstrip.hg19.fa - /data/Aligns/B9/all.fastq,868.0,9740.0,26759,382655,bwa,1,195674112,150
48,1606673843,2020_11_29_15_27_39_delta.json,0.0,0.0,0.0,bwa samse -n 20 /data/References/Broad_UMI/Human_RefSeq/refMrna_ERCC_polyAstrip.hg19.fa - /data/Aligns/B9/all.fastq,868.0,9740.0,26759,382655,bwa,1,195674112,150
188,1606673853,2020_11_29_15_27_40_delta.json,0.0,0.0,0.0,bwa samse -n 20 /data/References/Broad_UMI/Human_RefSeq/refMrna_ERCC_polyAstrip.hg19.fa - /data/Aligns/B9/all.fastq,888.0000000000001,9928.0,26759,382661,bwa,1,195674112,151
164,1606673863,2020_11_29_15_27_41_delta.json,0.0,0.0,0.0,bwa samse -n 20 /data/References/Broad_UMI/Human_RefSeq/refMrna_ERCC_polyAstrip.hg19.fa - /data/Aligns/B9/all.fastq,888.0000000000001,9928.0,26759,382661,bwa,1,195674112,151
62,1606673873,2020_11_29_15_27_42_delta.json,0.0,0.0,0.0,bwa samse -n 20 /data/References/Broad_UMI/Human_RefSeq/refMrna_ERCC_polyAstrip.hg19.fa - /data/Aligns/B9/all.fastq,888.0000000000001,9928.0,26759,382661,bwa,1,195674112,151
95,1606673883,2020_11_29_15_27_43_delta.json,0.0,0.0,0.0,bwa samse -n 20 /data/References/Broad_UMI/Human_RefSeq/refMrna_ERCC_polyAstrip.hg19.fa - /data/Aligns/B9/all.fastq,905.0000000000001,10112.0,26759,382666,bwa,1,195674112,152
63,1606673893,2020_11_29_15_27_44_delta.json,0.0,0.0,0.0,bwa samse -n 20 /data/References/Broad_UMI/Human_RefSeq/refMrna_ERCC_polyAstrip.hg19.fa - /data/Aligns/B9/all.fastq,905.0000000000001,10112.0,26759,382666,bwa,1,195674112,152
91,1606673903,2020_11_29_15_27_45_delta.json,0.0,0.0,0.0,bwa samse -n 20 /data/References/Broad_UMI/Human_RefSeq/refMrna_ERCC_polyAstrip.hg19.fa - /data/Aligns/B9/all.fastq,922.0000000000001,10294.0,26759,382670,bwa,1,195674112,153
157,1606673913,2020_11_29_15_27_46_delta.json,0.0,0.0,0.0,bwa samse -n 20 /data/References/Broad_UMI/Human_RefSeq/refMrna_ERCC_polyAstrip.hg19.fa - /data/Aligns/B9/all.fastq,922.0000000000001,10294.0,26759,382670,bwa,1,195674112,153
24,1606673923,2020_11_29_15_27_47_delta.json,0.0,0.0,0.0,bwa samse -n 20 /data/References/Broad_UMI/Human_RefSeq/refMrna_ERCC_polyAstrip.hg19.fa - /data/Aligns/B9/all.fastq,922.0000000000001,10294.0,26759,382670,bwa,1,195674112,153
26,1606673933,2020_11_29_15_27_48_delta.json,0.0,0.0,0.0,bwa samse -n 20 /data/References/Broad_UMI/Human_RefSeq/refMrna_ERCC_polyAstrip.hg19.fa - /data/Aligns/B9/all.fastq,941.0,10477.0,26759,382673,bwa,1,195674112,154
133,1606673943,2020_11_29_15_27_49_delta.json,0.0,0.0,0.0,bwa samse -n 20 /data/References/Broad_UMI/Human_RefSeq/refMrna_ERCC_polyAstrip.hg19.fa - /data/Aligns/B9/all.fastq,941.0,10477.0,26759,382673,bwa,1,195674112,154
61,1606673953,2020_11_29_15_27_50_delta.json,0.0,0.0,0.0,bwa samse -n 20 /data/References/Broad_UMI/Human_RefSeq/refMrna_ERCC_polyAstrip.hg19.fa - /data/Aligns/B9/all.fastq,951.0,10536.0,26759,382674,bwa,1,388964352,154
134,1606673963,2020_11_29_15_27_51_delta.json,0.0,0.0,0.0,bwa samse -n 20 /data/References/Broad_UMI/Human_RefSeq/refMrna_ERCC_polyAstrip.hg19.fa - /data/Aligns/B9/all.fastq,960.0,10658.0,26759,382677,bwa,1,195674112,155
65,1606673973,2020_11_29_15_27_52_delta.json,0.0,0.0,0.0,bwa samse -n 20 /data/References/Broad_UMI/Human_RefSeq/refMrna_ERCC_polyAstrip.hg19.fa - /data/Aligns/B9/all.fastq,960.0,10658.0,26759,382677,bwa,1,195674112,155
9,1606673983,2020_11_29_15_27_53_delta.json,0.0,0.0,0.0,bwa samse -n 20 /data/References/Broad_UMI/Human_RefSeq/refMrna_ERCC_polyAstrip.hg19.fa - /data/Aligns/B9/all.fastq,978.9999999999999,10834.0,26759,382680,bwa,1,195674112,156
66,1606673993,2020_11_29_15_27_54_delta.json,0.0,0.0,0.0,bwa samse -n 20 /data/References/Broad_UMI/Human_RefSeq/refMrna_ERCC_polyAstrip.hg19.fa - /data/Aligns/B9/all.fastq,978.9999999999999,10834.0,26759,382680,bwa,1,195674112,156
16,1606674003,2020_11_29_15_27_56_delta.json,0.0,0.0,0.0,bwa samse -n 20 /data/References/Broad_UMI/Human_RefSeq/refMrna_ERCC_polyAstrip.hg19.fa - /data/Aligns/B9/all.fastq,998.0,11007.0,26759,382684,bwa,1,195674112,156
128,1606674013,2020_11_29_15_27_57_delta.json,0.0,0.0,0.0,bwa samse -n 20 /data/References/Broad_UMI/Human_RefSeq/refMrna_ERCC_polyAstrip.hg19.fa - /data/Aligns/B9/all.fastq,999.0,11011.0,26759,382684,bwa,1,195674112,157
211,1606674023,2020_11_29_15_27_58_delta.json,0.0,0.0,0.0,bwa samse -n 20 /data/References/Broad_UMI/Human_RefSeq/refMrna_ERCC_polyAstrip.hg19.fa - /data/Aligns/B9/all.fastq,999.0,11011.0,26759,382684,bwa,1,195674112,157
83,1606674033,2020_11_29_15_27_59_delta.json,0.0,0.0,0.0,bwa samse -n 20 /data/References/Broad_UMI/Human_RefSeq/refMrna_ERCC_polyAstrip.hg19.fa - /data/Aligns/B9/all.fastq,1015.0,11189.0,26759,382688,bwa,1,195674112,158
112,1606674043,2020_11_29_15_28_00_delta.json,0.0,0.0,0.0,bwa samse -n 20 /data/References/Broad_UMI/Human_RefSeq/refMrna_ERCC_polyAstrip.hg19.fa - /data/Aligns/B9/all.fastq,1015.0,11189.0,26759,382688,bwa,1,195674112,158
82,1606674053,2020_11_29_15_28_01_delta.json,0.0,0.0,0.0,bwa samse -n 20 /data/References/Broad_UMI/Human_RefSeq/refMrna_ERCC_polyAstrip.hg19.fa - /data/Aligns/B9/all.fastq,1035.0,11371.0,26759,382693,bwa,1,195674112,159
218,1606674063,2020_11_29_15_28_02_delta.json,0.0,0.0,0.0,bwa samse -n 20 /data/References/Broad_UMI/Human_RefSeq/refMrna_ERCC_polyAstrip.hg19.fa - /data/Aligns/B9/all.fastq,1035.0,11371.0,26759,382693,bwa,1,195674112,159
169,1606674073,2020_11_29_15_28_03_delta.json,0.0,0.0,0.0,bwa samse -n 20 /data/References/Broad_UMI/Human_RefSeq/refMrna_ERCC_polyAstrip.hg19.fa - /data/Aligns/B9/all.fastq,1035.0,11371.0,26759,382693,bwa,1,195674112,159
81,1606674083,2020_11_29_15_28_04_delta.json,0.0,0.0,0.0,bwa samse -n 20 /data/References/Broad_UMI/Human_RefSeq/refMrna_ERCC_polyAstrip.hg19.fa - /data/Aligns/B9/all.fastq,1055.0,11563.0,26759,382697,bwa,1,195674112,160
200,1606674093,2020_11_29_15_28_05_delta.json,0.0,0.0,0.0,bwa samse -n 20 /data/References/Broad_UMI/Human_RefSeq/refMrna_ERCC_polyAstrip.hg19.fa - /data/Aligns/B9/all.fastq,1055.0,11563.0,26759,382697,bwa,1,195674112,160
152,1606674103,2020_11_29_15_28_06_delta.json,0.0,0.0,0.0,bwa samse -n 20 /data/References/Broad_UMI/Human_RefSeq/refMrna_ERCC_polyAstrip.hg19.fa - /data/Aligns/B9/all.fastq,1074.0,11742.0,26759,382701,bwa,1,195674112,161
89,1606674113,2020_11_29_15_28_07_delta.json,0.0,0.0,0.0,bwa samse -n 20 /data/References/Broad_UMI/Human_RefSeq/refMrna_ERCC_polyAstrip.hg19.fa - /data/Aligns/B9/all.fastq,1074.0,11742.0,26759,382701,bwa,1,195674112,161
156,1606674123,2020_11_29_15_28_08_delta.json,0.0,0.0,0.0,bwa samse -n 20 /data/References/Broad_UMI/Human_RefSeq/refMrna_ERCC_polyAstrip.hg19.fa - /data/Aligns/B9/all.fastq,1083.0,11789.0,26759,382702,bwa,1,388964352,161
191,1606674133,2020_11_29_15_28_09_delta.json,0.0,0.0,0.0,bwa samse -n 20 /data/References/Broad_UMI/Human_RefSeq/refMrna_ERCC_polyAstrip.hg19.fa - /data/Aligns/B9/all.fastq,1093.0,11923.0,26759,382704,bwa,1,195674112,162
19,1606674143,2020_11_29_15_28_10_delta.json,0.0,0.0,0.0,bwa samse -n 20 /data/References/Broad_UMI/Human_RefSeq/refMrna_ERCC_polyAstrip.hg19.fa - /data/Aligns/B9/all.fastq,1093.0,11923.0,26759,382704,bwa,1,195674112,162
140,1606674153,2020_11_29_15_28_12_delta.json,0.0,0.0,0.0,bwa samse -n 20 /data/References/Broad_UMI/Human_RefSeq/refMrna_ERCC_polyAstrip.hg19.fa - /data/Aligns/B9/all.fastq,1111.0,12107.0,26759,382708,bwa,1,195674112,163
75,1606674163,2020_11_29_15_28_13_delta.json,0.0,0.0,0.0,bwa samse -n 20 /data/References/Broad_UMI/Human_RefSeq/refMrna_ERCC_polyAstrip.hg19.fa - /data/Aligns/B9/all.fastq,1111.0,12107.0,26759,382708,bwa,1,195674112,163
147,1606674173,2020_11_29_15_28_14_delta.json,0.0,0.0,0.0,bwa samse -n 20 /data/References/Broad_UMI/Human_RefSeq/refMrna_ERCC_polyAstrip.hg19.fa - /data/Aligns/B9/all.fastq,1129.0,12287.0,26759,382710,bwa,1,195674112,164
177,1606674183,2020_11_29_15_28_15_delta.json,0.0,0.0,0.0,bwa samse -n 20 /data/References/Broad_UMI/Human_RefSeq/refMrna_ERCC_polyAstrip.hg19.fa - /data/Aligns/B9/all.fastq,1129.0,12287.0,26759,382710,bwa,1,195674112,164
115,1606674193,2020_11_29_15_28_16_delta.json,0.0,0.0,0.0,bwa samse -n 20 /data/References/Broad_UMI/Human_RefSeq/refMrna_ERCC_polyAstrip.hg19.fa - /data/Aligns/B9/all.fastq,1129.0,12287.0,26759,382710,bwa,1,195674112,164
37,1606674203,2020_11_29_15_28_17_delta.json,0.0,0.0,0.0,bwa samse -n 20 /data/References/Broad_UMI/Human_RefSeq/refMrna_ERCC_polyAstrip.hg19.fa - /data/Aligns/B9/all.fastq,1146.0,12470.0,26759,382715,bwa,1,195674112,165
119,1606674213,2020_11_29_15_28_18_delta.json,0.0,0.0,0.0,bwa samse -n 20 /data/References/Broad_UMI/Human_RefSeq/refMrna_ERCC_polyAstrip.hg19.fa - /data/Aligns/B9/all.fastq,1146.0,12470.0,26759,382715,bwa,1,195674112,165
114,1606674223,2020_11_29_15_28_19_delta.json,0.0,0.0,0.0,bwa samse -n 20 /data/References/Broad_UMI/Human_RefSeq/refMrna_ERCC_polyAstrip.hg19.fa - /data/Aligns/B9/all.fastq,1163.0,12650.0,26759,382717,bwa,1,195674112,166
14,1606674233,2020_11_29_15_28_20_delta.json,0.0,0.0,0.0,bwa samse -n 20 /data/References/Broad_UMI/Human_RefSeq/refMrna_ERCC_polyAstrip.hg19.fa - /data/Aligns/B9/all.fastq,1163.0,12650.0,26759,382717,bwa,1,195674112,166
44,1606674243,2020_11_29_15_28_21_delta.json,0.0,0.0,0.0,bwa samse -n 20 /data/References/Broad_UMI/Human_RefSeq/refMrna_ERCC_polyAstrip.hg19.fa - /data/Aligns/B9/all.fastq,1163.0,12650.0,26759,382717,bwa,1,195674112,166
178,1606674253,2020_11_29_15_28_22_delta.json,0.0,0.0,0.0,bwa samse -n 20 /data/References/Broad_UMI/Human_RefSeq/refMrna_ERCC_polyAstrip.hg19.fa - /data/Aligns/B9/all.fastq,1180.0,12825.0,26759,382774,bwa,1,195674112,167
159,1606674263,2020_11_29_15_28_23_delta.json,0.0,0.0,0.0,bwa samse -n 20 /data/References/Broad_UMI/Human_RefSeq/refMrna_ERCC_polyAstrip.hg19.fa - /data/Aligns/B9/all.fastq,1180.0,12825.0,26759,382774,bwa,1,195674112,167
139,1606674273,2020_11_29_15_28_24_delta.json,0.0,0.0,0.0,bwa samse -n 20 /data/References/Broad_UMI/Human_RefSeq/refMrna_ERCC_polyAstrip.hg19.fa - /data/Aligns/B9/all.fastq,1198.0,13002.000000000002,26759,382777,bwa,1,195674112,168
87,1606674283,2020_11_29_15_28_25_delta.json,0.0,0.0,0.0,bwa samse -n 20 /data/References/Broad_UMI/Human_RefSeq/refMrna_ERCC_polyAstrip.hg19.fa - /data/Aligns/B9/all.fastq,1198.0,13002.000000000002,26759,382777,bwa,1,195674112,168
105,1606674293,2020_11_29_15_28_26_delta.json,0.0,0.0,0.0,bwa samse -n 20 /data/References/Broad_UMI/Human_RefSeq/refMrna_ERCC_polyAstrip.hg19.fa - /data/Aligns/B9/all.fastq,1216.0,13177.000000000002,26759,382814,bwa,1,195674112,171
204,1606674303,2020_11_29_15_28_27_delta.json,0.0,0.0,0.0,bwa samse -n 20 /data/References/Broad_UMI/Human_RefSeq/refMrna_ERCC_polyAstrip.hg19.fa - /data/Aligns/B9/all.fastq,1216.0,13177.000000000002,26759,382814,bwa,1,195674112,171
145,1606674313,2020_11_29_15_28_29_delta.json,0.0,0.0,0.0,bwa samse -n 20 /data/References/Broad_UMI/Human_RefSeq/refMrna_ERCC_polyAstrip.hg19.fa - /data/Aligns/B9/all.fastq,1216.0,13177.000000000002,26759,382814,bwa,1,195674112,171
35,1606674323,2020_11_29_15_28_30_delta.json,0.0,0.0,0.0,bwa samse -n 20 /data/References/Broad_UMI/Human_RefSeq/refMrna_ERCC_polyAstrip.hg19.fa - /data/Aligns/B9/all.fastq,1235.0,13351.0,26759,382818,bwa,1,195674112,172
108,1606674333,2020_11_29_15_28_31_delta.json,0.0,0.0,0.0,bwa samse -n 20 /data/References/Broad_UMI/Human_RefSeq/refMrna_ERCC_polyAstrip.hg19.fa - /data/Aligns/B9/all.fastq,1235.0,13351.0,26759,382818,bwa,1,195674112,172
219,1606674343,2020_11_29_15_28_32_delta.json,0.0,0.0,0.0,bwa samse -n 20 /data/References/Broad_UMI/Human_RefSeq/refMrna_ERCC_polyAstrip.hg19.fa - /data/Aligns/B9/all.fastq,1253.0,13526.0,26759,382823,bwa,1,195674112,173
184,1606674353,2020_11_29_15_28_33_delta.json,0.0,0.0,0.0,bwa samse -n 20 /data/References/Broad_UMI/Human_RefSeq/refMrna_ERCC_polyAstrip.hg19.fa - /data/Aligns/B9/all.fastq,1253.0,13526.0,26759,382823,bwa,1,195674112,173
18,1606674363,2020_11_29_15_28_34_delta.json,0.0,0.0,0.0,bwa samse -n 20 /data/References/Broad_UMI/Human_RefSeq/refMrna_ERCC_polyAstrip.hg19.fa - /data/Aligns/B9/all.fastq,1262.0,13616.0,26759,382825,bwa,1,388964352,173
130,1606674373,2020_11_29_15_28_35_delta.json,0.0,0.0,0.0,bwa samse -n 20 /data/References/Broad_UMI/Human_RefSeq/refMrna_ERCC_polyAstrip.hg19.fa - /data/Aligns/B9/all.fastq,1270.0,13699.0,26759,382826,bwa,1,195674112,174
175,1606674383,2020_11_29_15_28_36_delta.json,0.0,0.0,0.0,bwa samse -n 20 /data/References/Broad_UMI/Human_RefSeq/refMrna_ERCC_polyAstrip.hg19.fa - /data/Aligns/B9/all.fastq,1270.0,13699.0,26759,382826,bwa,1,195674112,174
187,1606674393,2020_11_29_15_28_37_delta.json,0.0,0.0,0.0,bwa samse -n 20 /data/References/Broad_UMI/Human_RefSeq/refMrna_ERCC_polyAstrip.hg19.fa - /data/Aligns/B9/all.fastq,1287.0,13868.0,26759,382829,bwa,1,195674112,175
192,1606674403,2020_11_29_15_28_38_delta.json,0.0,0.0,0.0,bwa samse -n 20 /data/References/Broad_UMI/Human_RefSeq/refMrna_ERCC_polyAstrip.hg19.fa - /data/Aligns/B9/all.fastq,1287.0,13868.0,26759,382829,bwa,1,195674112,175
67,1606674413,2020_11_29_15_28_39_delta.json,0.0,0.0,0.0,bwa samse -n 20 /data/References/Broad_UMI/Human_RefSeq/refMrna_ERCC_polyAstrip.hg19.fa - /data/Aligns/B9/all.fastq,1297.0,13953.0,26759,382830,bwa,1,388964352,175
113,1606674423,2020_11_29_15_28_40_delta.json,0.0,0.0,0.0,bwa samse -n 20 /data/References/Broad_UMI/Human_RefSeq/refMrna_ERCC_polyAstrip.hg19.fa - /data/Aligns/B9/all.fastq,1307.0,14034.0,26759,382830,bwa,1,195674112,176
94,1606674433,2020_11_29_15_28_41_delta.json,0.0,0.0,0.0,bwa samse -n 20 /data/References/Broad_UMI/Human_RefSeq/refMrna_ERCC_polyAstrip.hg19.fa - /data/Aligns/B9/all.fastq,1307.0,14034.0,26759,382830,bwa,1,195674112,176
78,1606674443,2020_11_29_15_28_42_delta.json,0.0,0.0,0.0,bwa samse -n 20 /data/References/Broad_UMI/Human_RefSeq/refMrna_ERCC_polyAstrip.hg19.fa - /data/Aligns/B9/all.fastq,1323.0,14203.0,26759,382834,bwa,1,195674112,177
50,1606674453,2020_11_29_15_28_43_delta.json,0.0,0.0,0.0,bwa samse -n 20 /data/References/Broad_UMI/Human_RefSeq/refMrna_ERCC_polyAstrip.hg19.fa - /data/Aligns/B9/all.fastq,1323.0,14203.0,26759,382834,bwa,1,195674112,177
111,1606674463,2020_11_29_15_28_44_delta.json,0.0,0.0,0.0,bwa samse -n 20 /data/References/Broad_UMI/Human_RefSeq/refMrna_ERCC_polyAstrip.hg19.fa - /data/Aligns/B9/all.fastq,1323.0,14203.0,26759,382834,bwa,1,195674112,177
161,1606674473,2020_11_29_15_28_46_delta.json,0.0,0.0,0.0,bwa samse -n 20 /data/References/Broad_UMI/Human_RefSeq/refMrna_ERCC_polyAstrip.hg19.fa - /data/Aligns/B9/all.fastq,1339.0,14371.0,26759,382836,bwa,1,195674112,178
146,1606674483,2020_11_29_15_28_47_delta.json,0.0,0.0,0.0,bwa samse -n 20 /data/References/Broad_UMI/Human_RefSeq/refMrna_ERCC_polyAstrip.hg19.fa - /data/Aligns/B9/all.fastq,1339.0,14371.0,26759,382836,bwa,1,195674112,178
132,1606674493,2020_11_29_15_28_48_delta.json,0.0,0.0,0.0,bwa samse -n 20 /data/References/Broad_UMI/Human_RefSeq/refMrna_ERCC_polyAstrip.hg19.fa - /data/Aligns/B9/all.fastq,1339.0,14371.0,26759,382836,bwa,1,195674112,178
28,1606674503,2020_11_29_15_28_49_delta.json,0.0,0.0,0.0,bwa samse -n 20 /data/References/Broad_UMI/Human_RefSeq/refMrna_ERCC_polyAstrip.hg19.fa - /data/Aligns/B9/all.fastq,1339.0,14371.0,26759,382836,bwa,1,195674112,178
85,1606674513,2020_11_29_15_28_50_delta.json,0.0,0.0,0.0,bwa samse -n 20 /data/References/Broad_UMI/Human_RefSeq/refMrna_ERCC_polyAstrip.hg19.fa - /data/Aligns/B9/all.fastq,1356.0,14534.0,26759,382839,bwa,1,195674112,179
174,1606674523,2020_11_29_15_28_51_delta.json,0.0,0.0,0.0,bwa samse -n 20 /data/References/Broad_UMI/Human_RefSeq/refMrna_ERCC_polyAstrip.hg19.fa - /data/Aligns/B9/all.fastq,1356.0,14534.0,26759,382839,bwa,1,195674112,179
127,1606674533,2020_11_29_15_28_52_delta.json,0.0,0.0,0.0,bwa samse -n 20 /data/References/Broad_UMI/Human_RefSeq/refMrna_ERCC_polyAstrip.hg19.fa - /data/Aligns/B9/all.fastq,1370.0,14646.0,26759,382887,bwa,1,195674112,179
194,1606674543,2020_11_29_15_28_53_delta.json,0.0,0.0,0.0,bwa samse -n 20 /data/References/Broad_UMI/Human_RefSeq/refMrna_ERCC_polyAstrip.hg19.fa - /data/Aligns/B9/all.fastq,1375.0,14678.0,26759,382887,bwa,1,195674112,180
142,1606674553,2020_11_29_15_28_54_delta.json,0.0,0.0,0.0,bwa samse -n 20 /data/References/Broad_UMI/Human_RefSeq/refMrna_ERCC_polyAstrip.hg19.fa - /data/Aligns/B9/all.fastq,1375.0,14678.0,26759,382887,bwa,1,195674112,180
1,1606674563,2020_11_29_15_28_55_delta.json,0.0,0.0,0.0,bwa samse -n 20 /data/References/Broad_UMI/Human_RefSeq/refMrna_ERCC_polyAstrip.hg19.fa - /data/Aligns/B9/all.fastq,1390.0,14849.0,26759,382888,bwa,1,195674112,181
148,1606674573,2020_11_29_15_28_56_delta.json,0.0,0.0,0.0,bwa samse -n 20 /data/References/Broad_UMI/Human_RefSeq/refMrna_ERCC_polyAstrip.hg19.fa - /data/Aligns/B9/all.fastq,1390.0,14849.0,26759,382888,bwa,1,195674112,181
102,1606674583,2020_11_29_15_28_57_delta.json,0.0,0.0,0.0,bwa samse -n 20 /data/References/Broad_UMI/Human_RefSeq/refMrna_ERCC_polyAstrip.hg19.fa - /data/Aligns/B9/all.fastq,1408.0,15016.0,26759,382891,bwa,1,195674112,182
90,1606674593,2020_11_29_15_28_58_delta.json,0.0,0.0,0.0,bwa samse -n 20 /data/References/Broad_UMI/Human_RefSeq/refMrna_ERCC_polyAstrip.hg19.fa - /data/Aligns/B9/all.fastq,1408.0,15016.0,26759,382891,bwa,1,195674112,182
180,1606674603,2020_11_29_15_28_59_delta.json,0.0,0.0,0.0,bwa samse -n 20 /data/References/Broad_UMI/Human_RefSeq/refMrna_ERCC_polyAstrip.hg19.fa - /data/Aligns/B9/all.fastq,1408.0,15016.0,26759,382891,bwa,1,195674112,182
73,1606674613,2020_11_29_15_29_00_delta.json,0.0,0.0,0.0,bwa samse -n 20 /data/References/Broad_UMI/Human_RefSeq/refMrna_ERCC_polyAstrip.hg19.fa - /data/Aligns/B9/all.fastq,1426.0,15184.0,26759,382895,bwa,1,195674112,183
185,1606674623,2020_11_29_15_29_02_delta.json,0.0,0.0,0.0,bwa samse -n 20 /data/References/Broad_UMI/Human_RefSeq/refMrna_ERCC_polyAstrip.hg19.fa - /data/Aligns/B9/all.fastq,1426.0,15184.0,26759,382895,bwa,1,195674112,183
170,1606674633,2020_11_29_15_29_03_delta.json,0.0,0.0,0.0,bwa samse -n 20 /data/References/Broad_UMI/Human_RefSeq/refMrna_ERCC_polyAstrip.hg19.fa - /data/Aligns/B9/all.fastq,1426.0,15184.0,26759,382895,bwa,1,195674112,183
209,1606674643,2020_11_29_15_29_04_delta.json,0.0,0.0,0.0,bwa samse -n 20 /data/References/Broad_UMI/Human_RefSeq/refMrna_ERCC_polyAstrip.hg19.fa - /data/Aligns/B9/all.fastq,1444.0,15352.000000000002,26759,382897,bwa,1,195674112,184
208,1606674653,2020_11_29_15_29_05_delta.json,0.0,0.0,0.0,bwa samse -n 20 /data/References/Broad_UMI/Human_RefSeq/refMrna_ERCC_polyAstrip.hg19.fa - /data/Aligns/B9/all.fastq,1444.0,15352.000000000002,26759,382897,bwa,1,195674112,184
96,1606674663,2020_11_29_15_29_06_delta.json,0.0,0.0,0.0,bwa samse -n 20 /data/References/Broad_UMI/Human_RefSeq/refMrna_ERCC_polyAstrip.hg19.fa - /data/Aligns/B9/all.fastq,1444.0,15352.000000000002,26759,382897,bwa,1,195674112,184
84,1606674673,2020_11_29_15_29_07_delta.json,0.0,0.0,0.0,bwa samse -n 20 /data/References/Broad_UMI/Human_RefSeq/refMrna_ERCC_polyAstrip.hg19.fa - /data/Aligns/B9/all.fastq,1455.0,15466.0,26759,382899,bwa,1,195674112,185
